10.5441 0.00832441
10.5441 0.00825479
10.3806 0.00840874
10.3806 0.00798216
10.5065 0.0071578
10.5065 0.00740859
10.6139 0.00683797
10.6139 0.00643544
10.6766 0.00640379
10.6766 0.00637106
10.716 0.00640242
10.716 0.00612407
10.7539 0.00597661
10.7539 0.00602953
10.7837 0.00591271
10.7837 0.00586587
10.8089 0.00580015
10.8089 0.00585222
10.7951 0.00574061
10.7951 0.00577958
10.7817 0.00569225
10.7817 0.00571475
10.754 0.00572562
10.754 0.00572557
10.7471 0.00578136
10.7471 0.00572984
10.6949 0.00560152
10.6949 0.00557981
10.6682 0.00543148
10.6682 0.00549585
10.6427 0.00538256
10.6427 0.00535894
10.5773 0.00530939
10.5773 0.00536635
10.5015 0.00520097
10.5015 0.00552789
10.4455 0.00570829
10.4455 0.00570402
10.3762 0.00565224
10.3762 0.00561526
10.3057 0.00544328
10.3057 0.00548576
10.2058 0.00550707
10.2058 0.00520923
10.1471 0.00500966
10.1471 0.00504515
10.0638 0.00504886
10.0638 0.00520604
9.99499 0.00508918
9.99499 0.00509869
9.9108 0.00494801
9.9108 0.00506013
9.83476 0.00477889
9.83476 0.00487413
9.76601 0.00476021
9.76601 0.004952
9.70665 0.0048549
9.70665 0.0047175
9.61432 0.00501655
